# Number of parameters = 761  Objective function value = 284.307  Maximum gradient component = 0.00809114
# Mest:
0.150000000000
# log_Linf:
5.02519544543
# log_k:
-2.46510402249
# log_Lo:
3.36061248603
# log_sdage:
-2.68080675464
# mean_log_rec:
7.90274352981
# steepness:
0.750000000000
# log_Rzero:
7.98808727625
# rec_dev:
 0.0293840999426 0.0338941727131 0.0392000231695 0.0452795767889 0.0525778334069 0.0610570531992 0.0709561627823 0.0824320806310 0.0953920459396 0.0935931540140 0.108088760559 0.115868638314 0.116725226437 0.124857832693 0.128826896179 0.0855717982763 0.0915962013535 0.0643826071013 0.0560005595468 0.0362117939279 0.0120460498593 0.0265602610860 0.0767194295131 0.0921437136764 0.182022527360 0.175723287292 0.240569347172 0.108968244320 0.359249582955 0.665375606679 1.02990320042 0.586827961339 0.448705187823 0.218431164656 0.193532096151 0.0697380390277 0.0107798028955 0.0944298175095 -0.0197448880890 0.107968726598 0.0493745054901 0.147859901030 -0.0567044863820 -0.0390279914386 -0.0365975060020 0.239889945424 0.250328700028 0.210362833367 -0.126566645149 -0.332783644605 -0.433792910472 -0.560133992741 -0.615060339371 -0.592704842926 -0.815325316607 -0.674942362054 -0.327112334477 -0.211176846909 -0.289701018859 -0.411606344852 -0.628864324906 -0.440602398158 -0.227312684111 -0.169435833186
# log_sigmar:
-0.287682072452
# fmort:
 6.71643070049e-007 6.75011475326e-007 6.78699412227e-007 6.82172260347e-007 6.83915411526e-007 6.84523555894e-007 6.84475935653e-007 6.86294784891e-007 6.91731019131e-007 6.92651614953e-007 6.86812892670e-007 0.00932991107751 0.0165321962802 0.0360103577316 0.151026302202 0.127663875937 0.134133227857 0.126476060954 0.0231715046372 0.0947747243348 0.119907823683 0.106660786889 0.120849845534 0.0752035192725 0.0786597830868 0.0430649440456 0.0760339774640 0.0709404366436 0.0674786692887 0.0675112071916 0.0797531348688 0.0961741057394 0.140449568688 0.125531153047 0.155168204920 0.163961558593 0.0829105215956
 0.000251159865954 0.000656474280712 0.00222892066946 0.00195222410534 0.00206526250198 0.00740751878164 0.0118689086429 0.0243982417801 0.0332026376808 0.0194096490831 0.0227044474758 0.0306490108240 0.0374388408047 0.0279216748274 0.0291540362219 0.0379175857544 0.0564792396413 0.0541503370131 0.0642325781802 0.0471112455326 0.0619402588460 0.0890852798402 0.0931540464259 0.0657241830804 0.0787649751356 0.0855496631650 0.0657300875519 0.0681705208519 0.0472632210354 0.0508811610200 0.0379381543669 0.0415490851406 0.0380777542594 0.0575619906769 0.0528288524453 0.0381272049953 0.0269670304456
# log_selcoffs_fsh[1]:
 -7.25599222936 -6.15463798488 -5.07230635238 -4.03953050814 -3.09170800494 -2.25417972385 -1.53238260324 -0.909569840712 -0.348270861489 0.186236751085 0.685434961276 1.05156825753 1.13523924082 0.914288788008 0.609706256557
 -7.27930049727 -6.17607149731 -5.09208194835 -4.05561196512 -3.10538809437 -2.26735130626 -1.54593727075 -0.928711142244 -0.376028891078 0.151069518192 0.658596395723 1.06259667456 1.16972459840 0.930434599002 0.579341757390
 -7.32103528631 -6.21303546661 -5.12852926561 -4.09951076490 -3.15989670693 -2.33268910019 -1.62244912943 -1.01503361465 -0.471007480433 0.0634107315899 0.612130286885 1.10856577154 1.23228406707 0.951899692515 0.525720742197
 -7.24925750656 -6.13210793022 -5.04311751554 -4.01939956015 -3.09069217282 -2.28018911815 -1.59613620982 -1.01491915267 -0.475359240487 0.0652836233325 0.598858180785 1.03396912743 1.18583830799 0.998696561591 0.667991062276
 -7.22170099798 -6.08943697981 -4.98747890836 -3.95790427579 -3.03839168064 -2.24876483238 -1.58941575591 -1.02368269274 -0.490784547286 0.0489292685542 0.578159268970 1.00225808105 1.16313232587 1.02132993561 0.745750194942
 -7.17291308637 -6.01967523960 -4.89544378880 -3.84525498585 -2.91851066577 -2.15004982370 -1.52310980298 -0.984658420139 -0.469661814759 0.0455730113456 0.532335818465 0.928110763152 1.11916041957 1.05318452388 0.863872180371
 -7.05940830500 -5.87952103897 -4.72460819946 -3.63494709793 -2.67006456809 -1.88753833963 -1.29728838127 -0.833765366799 -0.415179197120 0.00644418329421 0.409404711116 0.764788543271 1.01221636929 1.10515965107 1.07846512444
 -6.97886081961 -5.76648186100 -4.57053335983 -3.42449188129 -2.39699715212 -1.58786522964 -1.02803040982 -0.644515957313 -0.312727895996 0.0100183803768 0.328686195996 0.606335835680 0.866306713703 1.08583149076 1.24434683027
 -7.00031538207 -5.75106126940 -4.50692880267 -3.27873860225 -2.14626598167 -1.27192573430 -0.739724618647 -0.430793418564 -0.188450794645 0.0540158270546 0.291674621135 0.516715296476 0.758585763547 1.03271563725 1.27533271818
 -7.00928799927 -5.72038215823 -4.42731942735 -3.11988328787 -1.86274821281 -0.895773560001 -0.413369114018 -0.193716287698 -0.0412723194729 0.102564572827 0.244939263192 0.381858476941 0.595664474509 0.919959698568 1.32370383357
 -7.08504779623 -5.75391827228 -4.43127154416 -3.14925354206 -1.99055093941 -1.07127254206 -0.479077021110 -0.132249530622 0.0961097880142 0.247125022045 0.329969133300 0.384148960037 0.540801967053 0.876586434995 1.28258889936
 -7.11982844331 -5.74872927542 -4.39363410294 -3.10149618456 -1.96210337768 -1.06810165067 -0.441769478831 -0.0477084973207 0.204057638098 0.317788759752 0.336303506592 0.333213391984 0.459472950520 0.796447888875 1.29789527055
 -7.27558211411 -5.86660077216 -4.47253008023 -3.13801501652 -1.95184123183 -0.988745422758 -0.299945020936 0.118620784199 0.344139204924 0.409091141289 0.378581928536 0.347980038800 0.426642849485 0.721298007585 1.15656144330
 -7.43336780898 -5.98909850982 -4.55253473807 -3.17269881388 -1.94399715777 -0.968005474987 -0.292812655430 0.123508733648 0.359306418650 0.450856628870 0.455532398920 0.434273743939 0.496772490525 0.706430460885 1.01192128327
 -7.63359686671 -6.16134708960 -4.67695865301 -3.22589927517 -1.94369583730 -0.958390558873 -0.281161733883 0.149811273253 0.416892839021 0.527420806004 0.543579367143 0.520645967592 0.545648774044 0.661250183311 0.799830493005
 -7.75118806245 -6.26782155561 -4.73708613841 -3.17634549852 -1.83634641694 -0.956476461912 -0.365412445299 0.0489189945648 0.330290041523 0.501380275206 0.606102623818 0.625014873782 0.642686677578 0.693939542693 0.699326937845
 -7.74513573414 -6.27690780982 -4.77642602483 -3.24676313796 -1.81284757639 -0.931442745851 -0.369099531236 -0.0351792462093 0.237436008282 0.534419320295 0.668037305788 0.628000523829 0.610695950708 0.659464129238 0.771132850029
 -7.72433535087 -6.28317773764 -4.82399441415 -3.36217751773 -2.04751852039 -1.15667971099 -0.615423484294 -0.189334162645 0.107803111955 0.598876464722 0.716873431953 0.689573575036 0.617496851334 0.680243927387 0.850178360782
 -7.67853715918 -6.27018718230 -4.84571213993 -3.38084123550 -1.98777046961 -1.06440499735 -0.585631366730 -0.259870753726 0.0564654654333 0.353123957682 0.611790995768 0.721393534935 0.688109486851 0.775895741150 0.955823682254
 -7.61502293676 -6.23424052076 -4.83970858313 -3.40145311128 -1.99907247120 -1.07408021127 -0.550522197601 -0.282980635172 -0.0553205632458 0.270407952135 0.542860816532 0.636359552823 0.710539020797 0.838681760399 1.07618243215
 -7.50422549562 -6.14326514573 -4.76986483265 -3.35643793278 -1.95930019635 -0.993404809761 -0.521379977272 -0.314005015742 -0.170694449042 0.0443141043763 0.310127289897 0.547278025464 0.749053099167 0.928630722984 1.25044780084
 -7.42061467622 -6.07337726488 -4.70536391528 -3.27462953613 -1.86404147486 -0.920391814052 -0.533128426444 -0.350332517074 -0.201848060806 -0.0255479985294 0.214200340657 0.460824269538 0.671089756811 0.943969599131 1.37695458086
 -7.36840657408 -6.02742175942 -4.67400460132 -3.30704504524 -2.02908891885 -1.12974549064 -0.733684952544 -0.515045353371 -0.260553728678 -0.0371574761740 0.187984652761 0.462991697550 0.679737501610 0.973789538714 1.45107827801
# log_selcoffs_fsh[2]:
 -4.58939549547 -2.50146188404 -0.637515746696 0.592593997002 0.877018333576 0.561635012269 0.0947562553952 -0.212376850132 -0.293498017502 -0.274914142236
 -4.61394379167 -2.51761901029 -0.598566937785 0.719496010613 0.894620276894 0.479250201532 0.0142420144356 -0.279339833944 -0.341465468951 -0.269430079840
 -4.63815924464 -2.52939141720 -0.549101358208 0.780625994711 0.887626301681 0.436549112297 -0.0341306031206 -0.315548169116 -0.361611560273 -0.246912997468
 -4.67159607960 -2.56911053377 -0.552682357344 0.859569602527 0.890320432486 0.366466476463 -0.0935411760975 -0.351934465027 -0.373678598928 -0.228497809263
 -4.69969480798 -2.61204329350 -0.552188749550 0.937507819563 0.852951020565 0.307360142499 -0.130916801773 -0.365589851956 -0.372765604198 -0.196108608077
 -4.74103464687 -2.68520556546 -0.638449247851 0.985897937065 0.849989316720 0.269261254103 -0.148437682122 -0.373897079643 -0.376197212167 -0.186874706195
 -4.77475855120 -2.76460859795 -0.754621861618 0.957197771719 0.832022507106 0.299976623416 -0.0886990312287 -0.311087890749 -0.340418859506 -0.166112458756
 -4.80640562477 -2.85010713708 -0.904995059006 0.773035491849 0.836824128596 0.412762368157 0.0651444700230 -0.180848564707 -0.255148678838 -0.143380546827
 -4.84659513537 -2.95245044579 -1.10384837612 0.401471203251 0.796827940487 0.606877410194 0.283596821391 -0.00143922114368 -0.150103337893 -0.134611548787
 -4.90143595396 -3.07897421302 -1.31930584556 0.0721960577588 0.665779546504 0.727840396957 0.473403694363 0.161526532231 -0.0589265840956 -0.145915398608
 -4.94556230475 -3.20209065076 -1.52608270993 -0.183448785505 0.532644130285 0.726985049167 0.596407555685 0.323893260519 0.0559703458648 -0.134088066044
 -4.97509468867 -3.31461202297 -1.71385790509 -0.377033569371 0.432920797256 0.692803986532 0.632497654313 0.445836416322 0.177564027084 -0.0929849295542
 -4.98520928701 -3.40857945126 -1.88133142600 -0.563637210342 0.306166581219 0.634926452432 0.654639279506 0.544312834218 0.309188315325 -0.0168730506258
 -4.98135515504 -3.49094040113 -2.04219576271 -0.767966193662 0.127045368042 0.525929690226 0.664108217998 0.654437114805 0.463286193922 0.0819113568728
 -5.11216995346 -3.69785184350 -2.29979193634 -0.948636776270 0.166430023380 0.657554671573 0.729641168318 0.643822293805 0.352912931710 -0.0312665387193
 -5.21372317719 -3.85710260456 -2.48764648408 -1.03791973094 0.201809588750 0.756383815820 0.780307496377 0.594862062759 0.255616864316 -0.110061876215
 -5.26878299490 -3.94817911421 -2.57821516248 -1.03547156954 0.296675510053 0.778725559292 0.771865517327 0.559427578512 0.201985523325 -0.124181587242
 -5.30363202602 -4.00136085442 -2.61123914159 -0.937136555091 0.467353937502 0.834462053390 0.707936988231 0.444666458078 0.124763506390 -0.117035114406
 -5.33169164934 -4.03417095326 -2.63314636778 -0.999572381234 0.410781406430 0.865084472618 0.723691885626 0.467253359822 0.0976117687529 -0.111825474791
 -5.35133680351 -4.05630397300 -2.64276544409 -0.991077768612 0.440394217569 0.898396240047 0.715893649522 0.405891976087 0.0791110858856 -0.107981362306
 -5.35761592618 -4.06444982528 -2.64756477783 -0.992496883106 0.448329518795 0.926306610013 0.707584686913 0.357218496854 0.0792994173945 -0.100018269502
# log_sel_spl_fsh[1]:
 0.00000000000 0.00000000000 0.00000000000 0.00000000000
 0.00000000000 0.00000000000 0.00000000000 0.00000000000
 0.00000000000 0.00000000000 0.00000000000 0.00000000000
 0.00000000000 0.00000000000 0.00000000000 0.00000000000
 0.00000000000 0.00000000000 0.00000000000 0.00000000000
 0.00000000000 0.00000000000 0.00000000000 0.00000000000
 0.00000000000 0.00000000000 0.00000000000 0.00000000000
 0.00000000000 0.00000000000 0.00000000000 0.00000000000
 0.00000000000 0.00000000000 0.00000000000 0.00000000000
 0.00000000000 0.00000000000 0.00000000000 0.00000000000
 0.00000000000 0.00000000000 0.00000000000 0.00000000000
 0.00000000000 0.00000000000 0.00000000000 0.00000000000
 0.00000000000 0.00000000000 0.00000000000 0.00000000000
 0.00000000000 0.00000000000 0.00000000000 0.00000000000
 0.00000000000 0.00000000000 0.00000000000 0.00000000000
 0.00000000000 0.00000000000 0.00000000000 0.00000000000
 0.00000000000 0.00000000000 0.00000000000 0.00000000000
 0.00000000000 0.00000000000 0.00000000000 0.00000000000
 0.00000000000 0.00000000000 0.00000000000 0.00000000000
 0.00000000000 0.00000000000 0.00000000000 0.00000000000
 0.00000000000 0.00000000000 0.00000000000 0.00000000000
 0.00000000000 0.00000000000 0.00000000000 0.00000000000
 0.00000000000 0.00000000000 0.00000000000 0.00000000000
# log_sel_spl_fsh[2]:
 0.00000000000 0.00000000000 0.00000000000 0.00000000000
 0.00000000000 0.00000000000 0.00000000000 0.00000000000
 0.00000000000 0.00000000000 0.00000000000 0.00000000000
 0.00000000000 0.00000000000 0.00000000000 0.00000000000
 0.00000000000 0.00000000000 0.00000000000 0.00000000000
 0.00000000000 0.00000000000 0.00000000000 0.00000000000
 0.00000000000 0.00000000000 0.00000000000 0.00000000000
 0.00000000000 0.00000000000 0.00000000000 0.00000000000
 0.00000000000 0.00000000000 0.00000000000 0.00000000000
 0.00000000000 0.00000000000 0.00000000000 0.00000000000
 0.00000000000 0.00000000000 0.00000000000 0.00000000000
 0.00000000000 0.00000000000 0.00000000000 0.00000000000
 0.00000000000 0.00000000000 0.00000000000 0.00000000000
 0.00000000000 0.00000000000 0.00000000000 0.00000000000
 0.00000000000 0.00000000000 0.00000000000 0.00000000000
 0.00000000000 0.00000000000 0.00000000000 0.00000000000
 0.00000000000 0.00000000000 0.00000000000 0.00000000000
 0.00000000000 0.00000000000 0.00000000000 0.00000000000
 0.00000000000 0.00000000000 0.00000000000 0.00000000000
 0.00000000000 0.00000000000 0.00000000000 0.00000000000
 0.00000000000 0.00000000000 0.00000000000 0.00000000000
# logsel_slope_fsh[1]:
 0.00000000000 0.00000000000 0.00000000000 0.00000000000 0.00000000000 0.00000000000 0.00000000000 0.00000000000 0.00000000000 0.00000000000 0.00000000000 0.00000000000 0.00000000000 0.00000000000 0.00000000000 0.00000000000 0.00000000000 0.00000000000 0.00000000000 0.00000000000 0.00000000000 0.00000000000 0.00000000000
# logsel_slope_fsh[2]:
 0.00000000000 0.00000000000 0.00000000000 0.00000000000 0.00000000000 0.00000000000 0.00000000000 0.00000000000 0.00000000000 0.00000000000 0.00000000000 0.00000000000 0.00000000000 0.00000000000 0.00000000000 0.00000000000 0.00000000000 0.00000000000 0.00000000000 0.00000000000 0.00000000000
# sel50_fsh[1]:
 0.00000000000 0.00000000000 0.00000000000 0.00000000000 0.00000000000 0.00000000000 0.00000000000 0.00000000000 0.00000000000 0.00000000000 0.00000000000 0.00000000000 0.00000000000 0.00000000000 0.00000000000 0.00000000000 0.00000000000 0.00000000000 0.00000000000 0.00000000000 0.00000000000 0.00000000000 0.00000000000
# sel50_fsh[2]:
 0.00000000000 0.00000000000 0.00000000000 0.00000000000 0.00000000000 0.00000000000 0.00000000000 0.00000000000 0.00000000000 0.00000000000 0.00000000000 0.00000000000 0.00000000000 0.00000000000 0.00000000000 0.00000000000 0.00000000000 0.00000000000 0.00000000000 0.00000000000 0.00000000000
# logsel_dslope_fsh[1]:
 0.00000000000 0.00000000000 0.00000000000 0.00000000000 0.00000000000 0.00000000000 0.00000000000 0.00000000000 0.00000000000 0.00000000000 0.00000000000 0.00000000000 0.00000000000 0.00000000000 0.00000000000 0.00000000000 0.00000000000 0.00000000000 0.00000000000 0.00000000000 0.00000000000 0.00000000000 0.00000000000
# logsel_dslope_fsh[2]:
 0.00000000000 0.00000000000 0.00000000000 0.00000000000 0.00000000000 0.00000000000 0.00000000000 0.00000000000 0.00000000000 0.00000000000 0.00000000000 0.00000000000 0.00000000000 0.00000000000 0.00000000000 0.00000000000 0.00000000000 0.00000000000 0.00000000000 0.00000000000 0.00000000000
# seld50_fsh[1]:
 21.0000000000 21.0000000000 21.0000000000 21.0000000000 21.0000000000 21.0000000000 21.0000000000 21.0000000000 21.0000000000 21.0000000000 21.0000000000 21.0000000000 21.0000000000 21.0000000000 21.0000000000 21.0000000000 21.0000000000 21.0000000000 21.0000000000 21.0000000000 21.0000000000 21.0000000000 21.0000000000
# seld50_fsh[2]:
 21.0000000000 21.0000000000 21.0000000000 21.0000000000 21.0000000000 21.0000000000 21.0000000000 21.0000000000 21.0000000000 21.0000000000 21.0000000000 21.0000000000 21.0000000000 21.0000000000 21.0000000000 21.0000000000 21.0000000000 21.0000000000 21.0000000000 21.0000000000 21.0000000000
# rec_dev_future:
 0.00000000000 0.00000000000 0.00000000000 0.00000000000 0.00000000000 0.00000000000 0.00000000000 0.00000000000 0.00000000000 0.00000000000 0.00000000000 0.00000000000 0.00000000000 0.00000000000 0.00000000000 0.00000000000 0.00000000000 0.00000000000 0.00000000000 0.00000000000 0.00000000000 0.00000000000 0.00000000000 0.00000000000 0.00000000000 0.00000000000 0.00000000000 0.00000000000 0.00000000000 0.00000000000 0.00000000000 0.00000000000 0.00000000000 0.00000000000 0.00000000000 0.00000000000 0.00000000000 0.00000000000 0.00000000000 0.00000000000 0.00000000000 0.00000000000 0.00000000000 0.00000000000 0.00000000000 0.00000000000 0.00000000000 0.00000000000 0.00000000000 0.00000000000
# log_q_ind[1]:
-8.20231919496
# log_q_ind[2]:
-11.4066616403
# log_q_power_ind[1]:
0.00000000000
# log_q_power_ind[2]:
0.00000000000
# log_rw_q_ind[1]:
 2.58204060751
# log_selcoffs_ind[1]:
 -1.68639813876 -0.993251458196 -0.300104527636 0.259511153157 0.510825549692 0.616186054239 0.585726849847 0.554310656904 0.521875384658 0.488352696365
# log_selcoffs_ind[2]:
 0.00000000000 0.00000000000 0.00000000000 0.00000000000 0.00000000000 0.00000000000 0.00000000000 0.00000000000 0.00000000000 0.00000000000
# logsel_slope_ind[1]:
 0.00000000000
# logsel_slope_ind[2]:
 0.00000000000
# sel50_ind[1]:
 0.00000000000
# sel50_ind[2]:
 0.00000000000
# logsel_dslope_ind[1]:
 0.00000000000
# logsel_dslope_ind[2]:
 0.00000000000
# seld50_ind[1]:
 21.0000000000
# seld50_ind[2]:
 21.0000000000
# repl_F:
0.178274859299
